image: sim_01.pgm
resolution: 0.050000
origin: [-2.300000, -1.387981, 0.000000]
negate: 0
occupied_thresh: 0.65
free_thresh: 0.196

